70
0 0 0 0 0 0 0 0 0 0 0 0
0 -0.003 0 0 0 0 0 -0.955 0.955 0 -0.769 0
0 -0.012 0 0 0 0 0 -3.573 3.573 0 -2.876 0
0 -0.026 0 0 0 0 0 -7.485 7.485 0 -6.025 0
0 -0.042 0 0 0 0 0 -12.322 12.322 0 -9.917 0
0 -0.060 0 0 0 0 0 -17.712 17.712 0 -14.256 0
0 -0.080 0 0 0 0 0 -23.288 23.288 0 -18.744 0
0 -0.098 0 0 0 0 0 -28.678 28.678 0 -23.083 0
0 -0.114 0 0 0 0 0 -33.515 33.515 0 -26.975 0
0 -0.128 0 0 0 0 0 -37.427 37.427 0 -30.124 0
0 -0.137 0 0 0 0 0 -40.045 40.045 0 -32.231 0
0 -0.140 0 0 0 0 0 -41 41 0 -33 0
0 -0.140 0 0 0 0 0 -41 41 0 -33 0
0 -0.140 0 0 0 0 0 -41 41 0 -33 0
0 -0.140 0 0 0 0 0 -41 41 0 -33 0
0 -0.140 0 0 0 0 0 -41 41 0 -33 -9.048
0 -0.140 0 0 0 0 0 -41 41 0 -33 -30.624
0 -0.140 0 0 0 0 0 -41 41 0 -33 -56.376
0 -0.140 0 0 0 0 0 -41 41 0 -33 -77.952
0 -0.140 0 0 0 0 0 -41 41 0 -33 -87
0 -0.140 0 0 0 0 0 -35.219 35.219 0 -28.781 -87
0 -0.140 0 0 0 0 0 -22.500 22.500 0 -19.500 -87
0 -0.140 0 0 0 0 0 -9.781 9.781 0 -10.219 -87
0 -0.140 0 0 0 0 0 -4 4 0 -6 -87
0 -0.140 0 0 -2.667 6.370 -5.778 -1.185 1.185 0 -6 -87
0 -0.140 0 0 -9.333 22.296 -20.222 5.852 -5.852 0 -6 -87
0 -0.140 0 0 -18 43 -39 15 -15 0 -6 -87
0 -0.140 0 0 -26.667 63.704 -57.778 24.148 -24.148 0 -6 -87
0 -0.140 0 0 -33.333 79.630 -72.222 31.185 -31.185 0 -6 -87
0 -0.140 0 0 -36 86 -78 34 -34 0 -6 -87
0 -0.140 0 0 -36 86 -78 34 -34 0 -6 -87
0 -0.140 0 0 -36 86 -78 34 -34 0 -6 -87
0 -0.140 0 0 -36 86 -78 34 -34 0 -6 -87
0 -0.140 0 0 -36 75.375 -68.469 34 -34 0 -6 -87
0 -0.140 0 0 -36 52 -47.500 34 -34 0 -6 -87
0 -0.140 0 0 -36 28.625 -26.531 34 -34 0 -6 -87
0 -0.140 0 0 -36 18 -17 34 -34 0 -6 -87
0 -0.123 0 0 -31.938 18 -17 34 -34 0 -6 -77
0 -0.085 0 0 -23 18 -17 34 -34 0 -6 -55
0 -0.047 0 0 -14.062 18 -17 34 -34 0 -6 -33
0 -0.030 0 0 -10 18 -17 34 -34 0 -6 -23
0 -0.030 0 0 -10 18 -17 34 -34 0 -6 -16.519
0 -0.030 0 0 -10 18 -17 34 -34 0 -6 -4.481
0 -0.030 0 0 -10 18 -17 34 -34 0 -6 2
0 -0.040 0 0 -10 18 -17 26.408 -26.408 0 -9.120 2
0 -0.065 0 0 -10 18 -17 8.304 -8.304 0 -16.560 2
0 -0.095 0 0 -10 18 -17 -13.304 13.304 0 -25.440 2
0 -0.120 0 0 -10 18 -17 -31.408 31.408 0 -32.880 2
0 -0.130 0 0 -10 18 -17 -39 39 0 -36 2
0 -0.130 0 0 -10 18 -17 -39 39 0 -36 2
0 -0.130 0 0 -10 18 -17 -39 39 0 -36 2
0 -0.130 0 0 -10 23.720 -17 -39 39 0 -36 2
0 -0.130 0 0 -10 37.360 -17 -39 39 0 -36 2
0 -0.130 0 0 -10 53.640 -17 -39 39 0 -36 2
0 -0.130 0 0 -10 67.280 -17 -39 39 0 -36 2
0 -0.130 0 0 -10 73 -17 -39 39 0 -36 2
0 -0.130 0 0 -10 73 -17 -39 39 0 -36 2
0 -0.130 0 0 -10 63.148 -17 -39 39 0 -36 2
0 -0.130 0 0 -10 44.852 -17 -39 39 0 -36 2
0 -0.130 0 0 -10 35 -17 -39 39 0 -36 2
0 -0.130 0 0 -10 44.852 -17 -39 39 0 -36 2
0 -0.130 0 0 -10 63.148 -17 -39 39 0 -36 2
0 -0.130 0 0 -10 73 -17 -39 39 0 -36 2
0 -0.130 0 0 -10 63.148 -17 -39 39 0 -36 2
0 -0.130 0 0 -10 44.852 -17 -39 39 0 -36 2
0 -0.130 0 0 -10 35 -17 -39 39 0 -36 2
0 -0.130 0 0 -10 44.852 -17 -39 39 0 -36 2
0 -0.130 0 0 -10 63.148 -17 -39 39 0 -36 2
0 -0.130 0 0 -10 73 -17 -39 39 0 -36 2
0 -0.130 0 0 -10 73 -17 -39 39 0 -36 2
